02
11
90
20
02
11
98
22
02
11
A0
24
02
11
A8
25
02
11
B0
27
02
11
B8
2A
21
09
00
01
31
0B
00
01
35
0C
00
01
29
0D
00
01
20
00
00
00
20
00
00
00
20
00
00
00
20
00
00
00
20
00
00
00
20
00
00
00
20
00
00
00
20
00
00
00
20
00
00
00
20
00
00
00
20
00
00
00
20
00
00
00
20
00
00
00
20
00
00
00
20
00
00
00
20
00
00
00
20
00
00
00
20
00
00
00
20
00
00
00
20
00
00
00
20
00
00
00
20
00
00
00
20
00
00
00
20
00
00
00
20
00
00
00
20
00
00
00
20
00
00
00
20
00
00
00
20
00
00
00
20
00
00
00
20
00
00
00
20
00
00
00
20
00
00
00
20
00
00
00
20
00
00
00
20
00
00
00
20
00
00
00
20
00
00
00
20
00
00
00
20
00
00
00
20
00
00
00
20
00
00
00
20
00
00
00
20
00
00
00
20
00
00
00
20
00
00
00
20
00
00
00
20
00
00
00
20
00
00
00
20
00
00
00
20
00
00
00
20
00
00
00
20
00
00
00
20
00
00
00