82
53
00
00
86
54
00
00
8E
55
00
00
A1
68
00
00
A5
69
00
00
AD
6A
00
00
20
00
00
00
20
00
00
00
20
00
00
00
20
00
00
00
20
00
00
00
20
00
00
00
20
00
00
00
20
00
00
00
20
00
00
00
20
00
00
00
20
00
00
00
20
00
00
00
20
00
00
00
20
00
00
00
20
00
00
00
20
00
00
00
20
00
00
00
20
00
00
00
20
00
00
00
20
00
00
00
20
00
00
00
20
00
00
00
20
00
00
00
20
00
00
00
20
00
00
00
20
00
00
00
20
00
00
00
20
00
00
00
20
00
00
00
20
00
00
00
20
00
00
00
20
00
00
00
20
00
00
00
20
00
00
00
20
00
00
00
20
00
00
00
20
00
00
00
20
00
00
00
20
00
00
00
20
00
00
00
20
00
00
00
20
00
00
00
20
00
00
00
20
00
00
00
20
00
00
00
20
00
00
00
20
00
00
00
20
00
00
00
20
00
00
00
20
00
00
00
20
00
00
00
20
00
00
00
20
00
00
00
20
00
00
00
20
00
00
00
20
00
00
00
20
00
00
00
20
00
00
00