22
31
00
01
16
34
ff
fe
08
00
00
04
20
08
00
00
0c
00
00
07
06
21
00
03
20
08
00
00
22
31
00
0a
03
e0
00
08
2a
33
00
19
20
14
00
01
12
74
00
01
22
94
00
0a
22
94
00
01
20
00
00
00
20
00
00
00
20
00
00
00
20
00
00
00
20
00
00
00
20
00
00
00
20
00
00
00
20
00
00
00
20
00
00
00
20
00
00
00
20
00
00
00
20
00
00
00
20
00
00
00
20
00
00
00
20
00
00
00
20
00
00
00
20
00
00
00
20
00
00
00
20
00
00
00
20
00
00
00
20
00
00
00
20
00
00
00
20
00
00
00
20
00
00
00
20
00
00
00
20
00
00
00
20
00
00
00
20
00
00
00
20
00
00
00
20
00
00
00
20
00
00
00
20
00
00
00
20
00
00
00
20
00
00
00
20
00
00
00
20
00
00
00
20
00
00
00
20
00
00
00
20
00
00
00
20
00
00
00
20
00
00
00
20
00
00
00
20
00
00
00
20
00
00
00
20
00
00
00
20
00
00
00
20
00
00
00
20
00
00
00
20
00
00
00
20
00
00
00