00000010
00010001           
10010000
00100000
00000010
00010001
10011000
00100010
00000010
00010001
10100000
00100100
00000010
00010001
10101000
00100111
00000010
00010001
10110000
00100101
00000010
00010001
10111000
00101010
00100001
00001001
00000000
00000100
00110001
00001010
00000000
00000100
00110101
00001011
00000000
00000100
00101001
00001100
00000000
00000010
00000010
00010001
10010000
00100000
00000010
00010001
10011000
00100010
00000010
00010001
10100000
00100100
00000010
00010001
10101000
00100111
00000010
00010001
10110000
00100101
00000010
00010001
10111000
00101010
00100001
00001001
00000000
00000100
00110001
00001010
00000000
00000100
00110101
00001011
00000000
00000100
00101001
00001100
00000000
00000010
00000010
00010001
10010000
00100000
00000010
00010001
10011000
00100010
00000010
00010001
10100000
00100100
00000010
00010001
10101000
00100111
00000010
00010001
10110000
00100101
00000010
00010001
10111000
00101010
00100001
00001001
00000000
00000100
00110001
00001010
00000000
00000100
00110101
00001011
00000000
00000100
00101001
00001100
00000000
00000010
00000010
00010001
10010000
00100000
00000010
00010001
10011000
00100010
00000010
00010001
10100000
00100100
00000010
00010001
10101000
00100111
00000010
00010001
10110000
00100101
00000010
00010001
10111000
00101010
00100001
00001001
00000000
00000100
00110001
00001010
00000000
00000100
00110101
00001011
00000000
00000100
00101001
00001100
00000000
00000010
00000010
00010001
10010000
00100000
00000010
00010001
10011000
00100010
00000010
00010001
10100000
00100100
00000010
00010001
10101000
00100111
00000010
00010001
10110000
00100101
00000010
00010001
10111000
00101010
00100001
00001001
00000000
00000100
00110001
00001010
00000000
00000100
00110101
00001011
00000000
00000100
00101001
00001100
00000000
00000010
00000010
00010001
10010000
00100000
00000010
00010001
10011000
00100010
00000010
00010001
10100000
00100100
00000010
00010001
10101000
00100111
00000010
00010001
10110000
00100101
00000010
00010001
10111000
00101010
00100001
00001001
00000000
00000100
00110001
00001010
00000000
00000100
00110101
00001011
00000000
00000100
00101001
00001100
00000000
00000010
00000010
00010001
10010000
00100000
00000010
00010001
10011000
00100010
00000010
00010001
10100000
00100100
00000010
00010001
10101000
00100111
00000010
00010001
10110000
00100101
00000010
00010001
10111000
00101010
00100001
00001001
00000000
00000100
00110001
00001010
00000000
00000100
00110101
00001011
00000000
00000100
00101001
00001100
00000000
00000010
00000010
00010001
10010000
00100000
00000010
00010001
10011000
00100010
00000010
00010001
10100000
00100100
00000010
00010001
10101000
00100111
00000010
00010001
10110000
00100101
00000010
00010001
10111000
00101010
00100001
00001001
00000000
00000100
00110001
00001010
00000000
00000100
00110101
00001011
00000000
00000100
00101001
00001100
00000000
00000010
00000010
00010001
10010000
00100000
00000010
00010001
10011000
00100010
00000010
00010001
10100000
00100100
00000010
00010001
10101000
00100111
00000010
00010001
10110000
00100101
00000010
00010001
10111000
00101010
00100001
00001001
00000000
00000100
00110001
00001010
00000000
00000100
00110101
00001011
00000000
00000100
00101001
00001100
00000000
00000010
00000010
00010001
10010000
00100000
00000010
00010001
10011000
00100010
00000010
00010001
10100000
00100100
00000010
00010001
10101000
00100111
00000010
00010001
10110000
00100101
00000010
00010001
10111000
00101010
00100001
00001001
00000000
00000100
00110001
00001010
00000000
00000100
00110101
00001011
00000000
00000100
00101001
00001100
00000000
00000010
00000010
00010001
10010000
00100000
00000010
00010001
10011000
00100010
00000010
00010001
10100000
00100100
00000010
00010001
10101000
00100111
00000010
00010001
10110000
00100101
00000010
00010001
10111000
00101010
00100001
00001001
00000000
00000100
00110001
00001010
00000000
00000100
00110101
00001011
00000000
00000100
00101001
00001100
00000000
00000010
00000010
00010001
10010000
00100000
00000010
00010001
10011000
00100010
00000010
00010001
10100000
00100100
00000010
00010001
10101000
00100111
00000010
00010001
10110000
00100101
00000010
00010001
10111000
00101010
00100001
00001001
00000000
00000100
00110001
00001010
00000000
00000100
00110101
00001011
00000000
00000100
00101001
00001100
00000000
00000010
00000010
00010001
10010000
00100000
00000010
00010001
10011000
00100010
00000010
00010001
10100000
00100100
00000010
00010001
10101000
00100111
00000010
00010001
10110000
00100101
00000010
00010001
10111000
00101010
00100001
00001001
00000000
00000100
00110001
00001010
00000000
00000100
00110101
00001011
00000000
00000100
00101001
00001100
00000000
00000010
00000010
00010001
10010000
00100000
00000010
00010001
10011000
00100010
00000010
00010001
10100000
00100100
00000010
00010001
10101000
00100111
00000010
00010001
10110000
00100101
00000010
00010001
10111000
00101010
00100001
00001001
00000000
00000100
00110001
00001010
00000000
00000100
00110101
00001011
00000000
00000100
00101001
00001100
00000000
00000010
00000010
00010001
10010000
00100000
00000010
00010001
10011000
00100010
00000010
00010001
10100000
00100100
00000010
00010001
10101000
00100111
00000010
00010001
10110000
00100101
00000010
00010001
10111000
00101010
00100001
00001001
00000000
00000100
00110001
00001010
00000000
00000100
00110101
00001011
00000000
00000100
00101001
00001100
00000000
00000010
00000010
00010001
10010000
00100000
00000010
00010001
10011000
00100010
00000010
00010001
10100000
00100100
00000010
00010001
10101000
00100111
00000010
00010001
10110000
00100101
00000010
00010001
10111000
00101010
00100001
00001001
00000000
00000100
00110001
00001010
00000000
00000100
00110101
00001011
00000000
00000100
00101001
00001100
00000000
00000010
00000010
00010001
10010000
00100000
00000010
00010001
10011000
00100010
00000010
00010001
10100000
00100100
00000010
00010001
10101000
00100111
00000010
00010001
10110000
00100101
00000010
00010001
10111000
00101010
00100001
00001001
00000000
00000100
00110001
00001010
00000000
00000100
00110101
00001011
00000000
00000100
00101001
00001100
00000000
00000010
00000010
00010001
10010000
00100000
00000010
00010001
10011000
00100010
00000010
00010001
10100000
00100100
00000010
00010001
10101000
00100111
00000010
00010001
10110000
00100101
00000010
00010001
10111000
00101010
00100001
00001001
00000000
00000100
00110001
00001010
00000000
00000100
00110101
00001011
00000000
00000100
00101001
00001100
00000000
00000010
00000010
00010001
10010000
00100000
00000010
00010001
10011000
00100010
00000010
00010001
10100000
00100100
00000010
00010001
10101000
00100111
00000010
00010001
10110000
00100101
00000010
00010001
10111000
00101010
00100001
00001001
00000000
00000100
00110001
00001010
00000000
00000100
00110101
00001011
00000000
00000100
00101001
00001100
00000000
00000010
00000010
00010001
10010000
00100000
00000010
00010001
10011000
00100010
00000010
00010001
10100000
00100100
00000010
00010001
10101000
00100111
00000010
00010001
10110000
00100101
00000010
00010001
10111000
00101010
00100001
00001001
00000000
00000100
00110001
00001010
00000000
00000100
00110101
00001011
00000000
00000100
00101001
00001100
00000000
00000010
00000010
00010001
10010000
00100000
00000010
00010001
10011000
00100010
00000010
00010001
10100000
00100100
00000010
00010001
10101000
00100111
00000010
00010001
10110000
00100101
00000010
00010001
10111000
00101010
00100001
00001001
00000000
00000100
00110001
00001010
00000000
00000100
00110101
00001011
00000000
00000100
00101001
00001100
00000000
00000010
00000010
00010001
10010000
00100000
00000010
00010001
10011000
00100010
00000010
00010001
10100000
00100100
00000010
00010001
10101000
00100111
00000010
00010001
10110000
00100101
00000010
00010001
10111000
00101010
00100001
00001001
00000000
00000100
00110001
00001010
00000000
00000100
00110101
00001011
00000000
00000100
00101001
00001100
00000000
00000010
00000010
00010001
10010000
00100000
00000010
00010001
10011000
00100010
00000010
00010001
10100000
00100100
00000010
00010001
10101000
00100111
00000010
00010001
10110000
00100101
00000010
00010001
10111000
00101010
00100001
00001001
00000000
00000100
00110001
00001010
00000000
00000100
00110101
00001011
00000000
00000100
00101001
00001100
00000000
00000010
00000010
00010001
10010000
00100000
00000010
00010001
10011000
00100010
00000010
00010001
10100000
00100100
00000010
00010001
10101000
00100111
00000010
00010001
10110000
00100101
00000010
00010001
10111000
00101010
00100001
00001001
00000000
00000100
00110001
00001010
00000000
00000100
00110101
00001011
00000000
00000100
00101001
00001100
00000000
00000010
00000010
00010001
10010000
00100000
00000010
00010001
10011000
00100010
00000010
00010001
10100000
00100100
00000010
00010001
10101000
00100111
00000010
00010001
10110000
00100101
00000010
00010001
10111000
00101010
00100001
00001001
00000000
00000100
00110001
00001010
00000000
00000100
00110101
00001011
00000000
00000100
00101001
00001100
00000000
00000010
00000010
00010001
10010000
00100000
00000010
00010001
10011000
00100010
00000010
00010001
10100000
00100100
00000010
00010001
10101000
00100111
00000010
00010001
10110000
00100101
00000010
00010001
10111000
00101010
