// 0x00000000
00
00
00
00
01
00
00
01
00
00
00
02
01
02
03
04
// 0x00000010
00
00
00
04
00
00
00
05
00
00
00
06
00
00
00
07
// 0x00000020
00
00
00
08
00
00
00
09
00
00
00
0a
00
00
00
0b
// 0x00000030
00
00
00
0c
00
00
00
0d
00
00
00
0e
00
00
00
0f
// 0x00000040
00
00
00
10
00
00
00
11
00
00
00
12
00
00
00
13
// 0x00000050
00
00
00
14
00
00
00
15
00
00
00
16
00
00
00
17
// 0x00000060
00
00
00
18
00
00
00
19
00
00
00
00
00
00
00
01
// 0x00000070
00
00
00
02
00
00
00
03
00
00
00
04
00
00
00
05
// 0x00000080
00
00
00
06
00
00
00
07
00
00
00
08
00
00
00
09
// 0x00000090
00
00
00
0a
00
00
00
0b
00
00
00
0c
00
00
00
0d
// 0x000000a0
00
00
00
0e
00
00
00
0f
00
00
00
10
00
00
00
11
// 0x000000b0
00
00
00
12
00
00
00
13
00
00
00
14
00
00
00
15
// 0x000000c0
00
00
00
16
00
00
00
17
00
00
00
18
00
00
00
19
// 0x000000d0
00
00
00
00
00
00
00
01
00
00
00
02
00
00
00
03
// 0x000000e0
00
00
00
04
00
00
00
05
00
00
00
06
00
00
00
07
// 0x000000f0
00
00
00
08
00
00
00
09
00
00
00
0a
00
00
00
0b
