00100000
00000100
00000000
00000100
00001100
00000000
00000000
00001101
00000000
00000010
10000000
00100000
00100011
10111101
11111111
11111000
10101111
10111111
00000000
00000100
10101111
10100100
00000000
00000000
00101000
10001000
00000000
00000001
00010001
00000000
00000000
00101101
00100000
00000010
00000000
00000001
00100010
00010000
00000000
00001000
00000011
11100000
00000000
00001000
00100000
10000100
11111111
11111111
00001100
00000000
00000000
00001101
10001111
10100100
00000000
00000000
10001111
10111111
00000000
00000100
00100010
00010000
00000000
00001000
00000000
10000010
00010000
00011000
00000011
11100000
00000000
00001000
--------